285398
285399
285400
285401
285402
285403
285404
285405
285406
285407
285408
285409
285410
285411
285412
285413
285414
285415
285416
285417
285418
285419
285420
285421
285422
285423
285424
285425
285426
285427
285428
285429
285430
285431
285432
285433
285434
285435
285436
285437
285438
285439
285440
285441
285442
285443
285444
285445
285446
285447
285448
285449
285450
285451
285452
285453
285454
285455
285456
285457
285458
285459
285460
285461
285462
285463
285464
285465
285466
285467
285468
285469
285470
285471
285472
285473
285474
285475
285476
285477
285478
285479
285480
285481
285482
285483
285484
285485
285486
285487
285488
285489
285490
285491
285492
285493
285494
285495
285496
285497
285498
285499
285500
285501
285502
285503
285504
285505
285506
285507
285508
285509
285510
285511
285512
285513
285514
285515
285516
285517
285518
285519
285520
285521
285522
285523
285524
285525
285526
285527
285528
285529
285530
262557
262558
262559
262560
262561
262562
262563
262564
262565
262566
262567
262568
262569
262570
262571
262572
262573
262574
262575
262576
262577
262578
262579
262580
262581
262582
262583
262584
262585
262586
262587
262588
262589
262590
262591
262592
262593
262594
262595
262596
262597
262598
262599
262600
262601
262602
262603
262604
262605
262606
262607
262608
262609
262610
262611
262612
262613
262614
262615
262616
262617
262618
262619
262620
262621
262622
262623
262624
262625
262626
262627
262628
262629
262630
262631
262632
262633
262634
262635
262636
262637
262638
262639
262640
262641
262642
262643
262644
262645
262646
262647
262648
262649
262650
262651
262652
262653
262654
262655
262656
262657
262658
262659
262660
262661
262662
262663
262664
262665
262666
262667
262668
262669
262670
262671
262672
262673
262674
262675
262676
262677
262678
262679
262680
262681
262682
262683
262684
262685
262686
262687
262688
262689
262690
262691
262692
262693
262694
262695
262696
262697
262698
262699
262700
262701
262702
262703
262704
262705
262706
262707
262708
262709
262710
262711
262712
262713
262714
262715
262716
262717
262718
262719
262720
262721
262722
262723
262724
262725
262726
262727
262728
262729
262730
262731
262732
262733
262734
262735
262736
262737
262738
262739
262740
262741
262742
262743
262744
262745
262746
262747
262748
262749
262750
262751
262752
262753
262754
262755
262756
262757
262758
262759
262760
262761
262762
262763
262764
262765
262766
262767
262768
262769
262770
262771
262772
262773
262774
262775
262776
262777
262778
262779
262780
262781
262782
262783
262784
262785
262786
262787
262788
262789
262790
262791
262792
262793
262794
262795
262796
262797
262798
262799
262800
262801
262802
262803
262804
262805
262806
262807
262808
262809
262810
262811
262812
262813
262814
262815
262816
262817
262818
262819
262820
262821
262822
262823
262824
262825
262826
262827
262828
262829
262830
262831
262832
262833
262834
262835
262836
262837
262838
262839
262840
262841
262842
262843
262844
262845
262846
262847
262848
262849
262850
262851
262852
262853
262854
262855
262856
262857
262858
262859
262860
262861
262862
262863
262864
262865
262866
262867
262868
262869
262870
262871
262872
262873
262874
262875
262876
262877
262878
262879
262880
262881
262882
262883
262884
262885
262886
262887
262888
262889
262890
262891
262892
262893
262894
262895
262896
262897
262898
262899
262900
262901
262902
262903
262904
262905
262906
262907
262908
262909
262910
262911
262912
262913
262914
347536
347537
347538
347535
350528
350529
350530
350531
350532
350533
350534
350541
350542
350543
350544
350545
350546
350547
350548
350549
350550
350551
350552
350553
350554
434106
434107
434108
432786
432787
432788
432789
432790
432791
432792
432793
432794
432795
432781
432782
432783
432784
432785
347504
347505
347506
347507
347508
347512
347513
347509
347510
347511
456490
456491
456492
456493
456494
347514
347515
347516
347517
347518
95680
95681
95682
95677
95678
95679
348763
348764
348765
348766
348767
348768
348769
348770
348771
348772
348773
348774
348775
348776
348777
348778
348779
348780
348781
348782
348783
348784
348785
348786
348787
348788
348789
348790
348791
348792
348793
348794
348795
348796
348797
348798
348799
348800
348801
348802
348803
348804
348805
348806
348807
348808
348809
348810
348811
348812
348813
348814
348815
348816
348817
348818
348819
348820
348821
348822
348823
348824
348825
348826
348827
348828
348829
348830
348831
348832
348833
348834
348835
348836
348837
348838
348839
348840
348841
348842
348843
348844
348845
348846
348847
348848
348849
348850
348851
348852
348853
348854
348855
348856
348857
348858
348859
348860
348861
348862
348863
348864
348865
348866
348867
348868
348869
348870
348871
348872
348873
348874
348875
348876
348877
348878
348879
348880
348881
348882
348883
348884
348885
348886
348887
348888
348889
348890
348891
348892
348893
348894
348895
348896
348897
348898
348899
348900
348901
348902
348903
348904
348905
348906
348907
348908
348909
348910
348911
348922
348923
348924
348925
348926
348927
348928
348929
348930
348931
348932
348933
348934
348935
348936
348937
348938
348939
348940
348941
348942
348943
348944
348945
348946
348947
348948
348949
348950
348951
348952
348953
348954
348955
348956
348957
348958
348959
348960
348961
348962
348963
348964
348965
348966
348967
348968
348969
348970
348971
348972
348973
348974
348975
348976
348977
348978
348979
348980
348981
348982
348983
348984
348985
348986
348987
348988
348989
348990
348991
348992
348993
348994
348995
348996
348997
348998
348999
349000
349001
349002
349003
349004
349005
349006
349007
349008
349009
349010
349011
349012
349013
349014
349015
349016
349017
349018
349019
349020
349021
349022
349023
349024
349025
349026
349027
349028
349029
349030
349031
349032
349033
349034
349035
349036
349037
349038
349039
349040
349041
349042
349043
349044
349045
349046
349047
349048
349049
349050
349051
349052
349053
349054
349055
349056
349057
349058
349059
349060
349061
349062
349063
349064
349065
349066
349067
349068
349069
349070
349071
349072
349073
349074
349075
349076
349077
348912
348913
348914
348915
348916
348917
348918
348919
348920
348921
350062
350063
350064
350065
350066
350067
350068
350069
350070
350071
350072
350073
350074
350075
350076
350077
350078
350079
350080
350081
350082
350083
350084
350085
350086
350087
350088
350089
350090
350091
350092
350093
350094
350095
350096
350097
350098
350099
350100
350101
350102
350103
350104
350105
350106
350107
350108
350109
350110
350111
350112
350113
350114
350115
350116
350117
350118
350119
350120
350121
350122
350123
350124
350125
350126
350127
350128
350129
350130
350131
350132
350133
350134
350135
350136
350137
350138
350139
350140
350141
350142
350143
350144
350145
350146
350147
350148
350149
350150
350151
350152
350153
350154
350155
350156
350157
350158
350159
350160
350161
350162
350163
350164
350165
350166
350167
350168
350169
350170
350171
350172
350173
350174
350175
350176
350177
350178
350179
350180
350181
350182
350183
350184
350185
350186
350187
350188
350189
350190
350191
350192
456826
456827
456828
456829
456830
456831
456832
456833
456834
456835
456836
456837
456838
456839
456840
456841
456842
456843
456844
456845
456846
456847
456848
456849
456850
456851
456852
456853
456854
456855
456856
456857
456858
456859
456860
456861
456862
456863
456864
456865
456866
456867
456868
456869
456870
456871
456872
456873
456874
456875
456876
456877
456878
456879
456880
456881
456882
456883
456884
456885
456886
456887
456888
456889
456890
456891
456892
456893
456894
456895
456896
456897
456898
456899
456900
456901
456902
456903
456904
456905
456906
456907
456908
456909
456910
456911
456912
456913
456914
456915
456916
456917
456918
456919
456920
456921
456922
456923
456924
456925
456926
456927
456928
456929
456930
456931
456932
456933
456934
456935
456936
456937
456938
456939
456940
456941
456942
456943
456944
456945
456946
456947
456948
456949
456950
456951
456952
456953
456954
456955
456956
350208
350209
350210
350211
350212
350213
350214
350215
350216
350217
350218
350219
350220
350221
350222
350223
350224
350225
350226
350227
350228
350229
350230
350231
350232
350233
350234
350235
350236
350237
350238
350239
350240
350241
350242
350243
350244
350245
350246
350247
350248
350249
350250
350251
350252
350253
350254
350255
350256
350257
350258
350259
350260
350261
350262
350263
350264
350265
350266
350267
350268
350269
350270
350271
350272
350273
350274
350275
350276
350277
350278
350279
350280
350281
350282
350283
350284
350285
350286
350287
350288
350289
350290
350291
350292
350293
350294
350295
350296
350297
350298
350299
350300
350301
350302
350303
350304
350305
350306
350307
350308
350309
350310
350311
350312
350313
350314
350315
350316
350317
350318
350319
350320
350321
350322
350323
350193
350194
350195
350196
350197
350198
350199
350200
350201
350202
350203
350204
350205
350206
350207
457216
457217
457218
457088
457089
457090
457091
457092
457093
457094
457095
457096
457097
457098
457099
457100
457101
457102
457103
457104
457105
457106
457107
457108
457109
457110
457111
457112
457113
457114
457115
457116
457117
457118
457119
457120
457121
457122
457123
457124
457125
457126
457127
457128
457129
457130
457131
457132
457133
457134
457135
457136
457137
457138
457139
457140
457141
457142
457143
457144
457145
457146
457147
457148
457149
457150
457151
457152
457153
457154
457155
457156
457157
457158
457159
457160
457161
457162
457163
457164
457165
457166
457167
457168
457169
457170
457171
457172
457173
457174
457175
457176
457177
457178
457179
457180
457181
457182
457183
457184
457185
457186
457187
457188
457189
457190
457191
457192
457193
457194
457195
457196
457197
457198
457199
457200
457201
457202
457203
457204
457205
457206
457207
457208
457209
457210
457211
457212
457213
457214
457215
274792
274793
274794
436519
436520
436521
436522
436523
436524
436512
436513
436514
436515
436516
436517
436518
436511
138763
138764
267141
267142
33360
33361
33362
33577
33578
33579
33580
37325
37326
271572
271573
457382
457385
457352
457350
457351
